2.129447372786358
2.3115838741512382
0.753973632587012
2.326751712278038
1.76471849245082
0.695080809998819
1.056996437734096
1.593763038409968
2.4150136708685963
2.429777070398554
0.815226163355096
2.4411855635212323
2.414333896485892
1.470751297445682
2.1005609377776002
0.78377267725443
1.34352256525255
2.331471050378134
2.084414659119108
2.418984852785806
1.811481398313174
0.5714233571483792
2.198258611737554
2.367986495515102
1.857470309715546
2.0154802611566662
1.986264936249832
1.2844540390683359
1.810955780355114
0.842373375623124
1.912092176039218
0.5636656927548414
1.0538459699217801
0.5923427812623078
0.694263562471695
2.1469156566545857
1.889657245951634
1.1341989601217222
2.40044409767671
0.5688921610058176
1.377488719312796
1.263116914186016
2.031033576298004
2.090399802274126
0.8737452091087581
1.4795287915764619
1.391172401421798
1.79262602022253
1.918729661716146
2.009373363964722
1.0520501539971558
1.85940535370735
1.810196007947682
0.825223470389262
0.737995363116754
1.4967281039642861
2.419487917032162
1.180771453332266
1.670535501959554
0.947623878982274
2.002534118611306
1.010190230918538
1.511914103330284
1.898153445313372
2.2818065050715983
2.418582850410888
1.594431059927606
0.7772488856573581
0.7985880111181141
1.015016508247472
2.1814345119673257
1.008564357943062
2.128569652137632
0.9870499374499779
2.358527246374456
1.1999675319696181
0.893190500862416
1.002167715952062
1.732089352293278
1.4465776978054579
1.203319014125994
2.1616572557925817
1.670528182305448
1.59944721658228
2.33438732765962
1.071678037640748
2.0144004582214423
2.00745818855699
1.260891693950714
1.635643281450442
0.6517085791261272
0.6079002373332144
1.561595106017946
2.058334460204022
2.3680213684583657
0.75981241694746
1.637647321744386
1.438781282116412
0.5238041390024828
1.174245288797764
