6.8147236863931795
6.905791937075619
6.126986816293506
6.913375856139019
6.63235924622541
6.0975404049994095
6.278498218867048
6.546881519204984
6.957506835434298
6.964888535199277
6.157613081677548
6.970592781760616
6.957166948242946
6.485375648722841
6.8002804688888
6.141886338627215
6.421761282626275
6.915735525189067
6.792207329559554
6.959492426392903
6.655740699156587
6.03571167857419
6.849129305868777
6.9339932477575505
6.678735154857773
6.757740130578333
6.743132468124916
6.392227019534168
6.655477890177557
6.171186687811562
6.706046088019609
6.031832846377421
6.27692298496089
6.046171390631154
6.097131781235848
6.823457828327293
6.694828622975817
6.317099480060861
6.950222048838355
6.034446080502909
6.438744359656398
6.381558457093008
6.765516788149002
6.795199901137063
6.186872604554379
6.489764395788231
6.445586200710899
6.646313010111265
6.709364830858073
6.754686681982361
6.276025076998578
6.679702676853675
6.6550980039738405
6.162611735194631
6.118997681558377
6.498364051982143
6.959743958516081
6.340385726666133
6.585267750979777
6.223811939491137
6.751267059305653
6.255095115459269
6.505957051665142
6.699076722656686
6.890903252535799
6.959291425205444
6.547215529963803
6.138624442828679
6.149294005559057
6.257508254123736
6.840717255983663
6.254282178971531
6.814284826068816
6.243524968724989
6.929263623187228
6.349983765984809
6.196595250431208
6.251083857976031
6.616044676146639
6.473288848902729
6.351659507062997
6.830828627896291
6.585264091152724
6.54972360829114
6.91719366382981
6.285839018820374
6.757200229110721
6.753729094278495
6.380445846975357
6.567821640725221
6.075854289563064
6.053950118666608
6.5307975530089735
6.779167230102011
6.934010684229183
6.12990620847373
6.568823660872193
6.469390641058206
6.011902069501241
6.337122644398882
