1.2274100001032842
1.10400629445713
7.874833224330069
1.0948395376106772
1.5813795812571092
10.25216165553192
3.5906872369528116
1.8285496307385305
1.04437896732761
1.036389140838399
6.344651023611386
1.0302982041408144
1.0447498232525494
2.0602599298734487
1.2495619209456819
7.047894883152559
2.37100948141346
1.092018352999394
1.262295819146199
1.042217710627879
1.5249930365557591
28.00204414705793
1.1776769369381985
1.0706715518564254
1.4733287245295952
1.319713658608481
1.3456551057757125
2.5495438870775886
1.5256044711578576
5.841575725215122
1.4163381356660487
31.414093108221333
3.61111231030978
21.658433638887526
10.295291482114195
1.214391272509147
1.4392038078644382
3.153584483355411
1.0523855989476338
29.030879142129244
2.2792315798273703
2.620830390233604
1.3063070797153538
1.2575454279736349
5.351239163089874
2.0417980739302037
2.2442346697554276
1.5472379239709977
1.4097118386745566
1.325053196080347
3.622859237550912
1.4712315164462386
1.5264891572466637
6.149617669371117
8.403525067918466
2.0065652729620056
1.0419445635752282
2.937843515926416
1.7086196844537116
4.468036880756311
1.3310845825241355
3.920106420695734
1.9764523425633185
1.4304581565807568
1.1224563353581618
1.042436087433845
1.8274335161250772
7.213735035428523
6.6981925781636615
3.8833706647690103
1.189460538466017
3.932638944831279
1.228071515010018
4.106355111082235
1.076120892982077
2.8572753858629114
5.086592874480031
3.9827331317151504
1.6232588945577817
2.112874626812772
2.843659789982183
1.203617649204098
1.7086303689509137
1.8190959691699986
1.0902822810881903
3.4984726862234883
1.3206546453035684
1.326736632021943
2.62849498279521
1.7611163933850802
13.183170071992063
18.53564041591176
1.8839574416483702
1.2834215318181141
1.0706515641470167
7.6978614936808265
1.7580140714728223
2.130421684048866
84.01900189674566
2.9662795324327265
